w1 = 0.6046602879796196
w2 = 0.9405090880450124
w3 = 0.6645600532184904
w4 = 0.4377141871869802
w5 = 0.4246374970712657
w6 = 0.6868230728671094
w7 = 0.06563701921747622
w8 = 0.15651925473279124

I1 = 1.0
I2 = 0.0

H1I = 1.0 * 0.6046602879796196 + 0.0 * 0.6645600532184904 = 0.6046602879796196
H1O = 0.6467217814982

H2I = 1.0 * 0.9405090880450124 + 0.0 * 0.4377141871869802 = 0.9405090880450124
H2O = 0.7192024793581

O1I = 0.6467217814982 * 0.4246374970712657 + 0.7192024793581 * 0.06563701921747622 =  0.3218286255557498
O1O = 0.5797698374512283

O2I = 0.6467217814982 * 0.6868230728671094 + 0.7192024793581 * 0.15651925473279124
O2O = 0.6357007937362578


deltaO1 = (1.0 - 0.5797698374512283) * 0.5797698374512283 * (1 - 0.5797698374512283) = 0.10238352073451785
deltaO2 = (1 - 0.6357007937362578) * 0.6357007937362578 * (0.0 - 0.6357007937362578) = -0.14721895558173761

deltaH1 = (1 - 0.7192024793581) * 0.7192024793581 * ( (0.4246374970712657 * 0.10238352073451785) + (0.6868230728671094 * (-0.14721895558173761)) ) = -0.013168594840069974
deltaH2 = (1 - 0.7192024793581) * 0.7192024793581 * ( (0.10238352073451785 * 0.06563701921747622) + (-0.14721895558173761 * 0.15651925473279124) ) = -0.0032963236567531175

GRADw5 = 0.6467217814982 * 0.10238352073451785 = 0.06621365292548528215822764287
GRADw6 = 0.6467217814982 * (-0.14721895558173761) = (-0.095209705224125721884705087302)

deltaW5 = 0.7 * 0.06621365292548528215822764287 + 0.3 * 0 = 0.046349557047839697510759350009
deltaW6 = 0.7 * (-0.095209705224125721884705087302) + 0.3 * 0 = (-0.0666467936568880053192935611114)

nW5 = 0.4246374970712657 + 0.046349557047839697510759350009 = 0.470987054119105397510759350009
nW6 = 0.6868230728671094 + (-0.0666467936568880053192935611114) = 0.6201762792102213946807064388886
